{
 "cells": [
  {
   "cell_type": "markdown",
   "metadata": {},
   "source": [
    "## Part 2.1: Getting familiar with linear algebraic functions\n",
    "**Tasks**\n",
    "\n",
    "- Create matrix of size 10*10 with random integer numbers\n",
    "- Compute the following linear algebric operations on the matrix using built in functions supported in Numpy, Scipy etc.\n",
    "    - Find inverse of the matrix and print it\n",
    "    - Calculate dot product of the matrix with same matrix in transpose A.AT\n",
    "    - Decompose the original matrix using eigen decomposition print the eigen values and eigen vectors\n",
    "    - Calculate jacobian matrix\n",
    "    - Calculate hessian matrix"
   ]
  },
  {
   "cell_type": "code",
   "execution_count": 1,
   "metadata": {},
   "outputs": [
    {
     "data": {
      "text/plain": [
       "array([[0.42560112, 0.87509057, 0.15203124, 0.89270354, 0.5943147 ,\n",
       "        0.25270135, 0.75074385, 0.20042062, 0.46911204, 0.93178473],\n",
       "       [0.6094606 , 0.03478287, 0.89599731, 0.81851163, 0.3657928 ,\n",
       "        0.58542614, 0.36775219, 0.96607131, 0.84702081, 0.72477757],\n",
       "       [0.37099563, 0.29973686, 0.80955632, 0.548064  , 0.14902851,\n",
       "        0.17122802, 0.6599003 , 0.70774293, 0.49008129, 0.23230221],\n",
       "       [0.99902688, 0.18833106, 0.63269155, 0.64367966, 0.71171725,\n",
       "        0.67217261, 0.26822058, 0.18178153, 0.04373868, 0.96762319],\n",
       "       [0.88766531, 0.75283209, 0.88328298, 0.27285509, 0.3324225 ,\n",
       "        0.58447039, 0.70688381, 0.92860215, 0.1721643 , 0.80947861],\n",
       "       [0.42718718, 0.96316161, 0.49694673, 0.63040729, 0.30431255,\n",
       "        0.15372698, 0.36562163, 0.61666937, 0.81462794, 0.98655449],\n",
       "       [0.97699589, 0.11500752, 0.56194075, 0.98523503, 0.07995827,\n",
       "        0.0968435 , 0.88818444, 0.03587455, 0.86676528, 0.67365387],\n",
       "       [0.14458393, 0.20306614, 0.13723532, 0.39611936, 0.22841456,\n",
       "        0.1557904 , 0.22825978, 0.4073062 , 0.52788462, 0.57529095],\n",
       "       [0.68137947, 0.2281512 , 0.55794001, 0.97478469, 0.39508369,\n",
       "        0.43181531, 0.1606094 , 0.22842408, 0.00595872, 0.46089598],\n",
       "       [0.13608556, 0.03012949, 0.39548193, 0.83254743, 0.83251525,\n",
       "        0.96992681, 0.1221952 , 0.5057124 , 0.81283158, 0.92866692]])"
      ]
     },
     "execution_count": 1,
     "metadata": {},
     "output_type": "execute_result"
    }
   ],
   "source": [
    "import numpy as np\n",
    "mat = np.random.random((10,10))\n",
    "mat"
   ]
  },
  {
   "cell_type": "code",
   "execution_count": 2,
   "metadata": {},
   "outputs": [
    {
     "data": {
      "text/plain": [
       "array([[  7.23839627,  12.38930488,  -6.02189642,   0.0617777 ,\n",
       "         -1.42638042,  -0.39109293,  -1.26264574, -11.82507863,\n",
       "         -3.78250376,  -3.71257801],\n",
       "       [  2.26482328,   3.0591045 ,  -1.792172  ,  -0.75338914,\n",
       "         -0.05356243,   0.95377629,  -0.4402913 ,  -5.14587405,\n",
       "         -0.77531919,  -0.50120249],\n",
       "       [ -6.06417447,  -9.06592677,   5.45594886,   1.23581314,\n",
       "          0.4195026 ,   1.37588752,   1.01936379,   6.89761665,\n",
       "          2.27260201,   2.54000726],\n",
       "       [ -1.3187153 ,  -2.41947623,   0.83510266,  -0.81557778,\n",
       "          0.21564044,  -0.26044298,   0.36667117,   3.18449108,\n",
       "          2.2975113 ,   0.56206312],\n",
       "       [  7.89899974,  11.57656343,  -2.94405748,   2.15237253,\n",
       "         -3.40227608,  -0.39969756,  -2.7357075 , -11.331274  ,\n",
       "         -5.12679182,  -3.52803033],\n",
       "       [ -0.97627147,  -1.47140175,  -1.12744575,  -1.93209496,\n",
       "          2.0279775 ,  -0.20687509,   1.04221989,  -0.77670305,\n",
       "          1.12270198,   2.04307582],\n",
       "       [ -1.34934859,  -3.72718896,   2.01710076,  -0.17141118,\n",
       "          0.99592129,  -1.07523773,   0.79407756,   3.81694532,\n",
       "          0.55957089,   0.99269386],\n",
       "       [  2.88879102,   5.09428836,  -2.08158562,  -0.4185213 ,\n",
       "         -0.28177117,  -0.99116765,  -1.28427798,  -2.01206485,\n",
       "         -0.96525383,  -1.96188493],\n",
       "       [  4.27154893,   7.53718023,  -3.2171006 ,  -0.213004  ,\n",
       "         -1.37678909,   0.62141081,  -0.47339033,  -8.56048439,\n",
       "         -3.17057122,  -1.38165397],\n",
       "       [ -8.56529278, -13.60682456,   5.3691757 ,   0.74558351,\n",
       "          1.99817607,   0.38562602,   1.80964039,  15.16290885,\n",
       "          4.20241307,   3.22748894]])"
      ]
     },
     "execution_count": 2,
     "metadata": {},
     "output_type": "execute_result"
    }
   ],
   "source": [
    "# Inverse\n",
    "np.linalg.inv(mat)"
   ]
  },
  {
   "cell_type": "code",
   "execution_count": 3,
   "metadata": {},
   "outputs": [
    {
     "data": {
      "text/plain": [
       "array([[3.87609452, 3.06445973, 2.24799001, 3.01357321, 3.3115368 ,\n",
       "        3.5821773 , 3.26170017, 1.82551768, 2.3871998 , 3.06722494],\n",
       "       [3.06445973, 4.63323489, 3.07513127, 3.37562767, 3.93527158,\n",
       "        3.59166917, 3.57901397, 2.05864549, 2.73714242, 3.88718988],\n",
       "       [2.24799001, 3.07513127, 2.46527649, 2.06509235, 2.96530159,\n",
       "        2.57279304, 2.61310597, 1.33466537, 1.81755913, 2.17875534],\n",
       "       [3.01357321, 3.37562767, 2.06509235, 3.84969737, 3.54171995,\n",
       "        2.84868473, 3.04392374, 1.50679168, 2.80641597, 3.23106934],\n",
       "       [3.3115368 , 3.93527158, 2.96530159, 3.54171995, 4.70833777,\n",
       "        3.67619897, 3.1578787 , 1.77364983, 2.6188669 , 3.01126847],\n",
       "       [3.5821773 , 3.59166917, 2.57279304, 2.84868473, 3.67619897,\n",
       "        4.02164543, 3.18525432, 2.0009391 , 2.24834902, 3.14585016],\n",
       "       [3.26170017, 3.57901397, 2.61310597, 3.04392374, 3.1578787 ,\n",
       "        3.18525432, 4.26523533, 1.7277995 , 2.50576856, 2.79621839],\n",
       "       [1.82551768, 2.05864549, 1.33466537, 1.50679168, 1.77364983,\n",
       "        2.0009391 , 1.7277995 , 1.14195104, 1.16305603, 1.94832722],\n",
       "       [2.3871998 , 2.73714242, 1.81755913, 2.80641597, 2.6188669 ,\n",
       "        2.24834902, 2.50576856, 1.16305603, 2.41082234, 2.44755699],\n",
       "       [3.06722494, 3.88718988, 2.17875534, 3.23106934, 3.01126847,\n",
       "        3.14585016, 2.79621839, 1.94832722, 2.44755699, 4.29660203]])"
      ]
     },
     "execution_count": 3,
     "metadata": {},
     "output_type": "execute_result"
    }
   ],
   "source": [
    "# Dot product\n",
    "np.dot(mat, mat.T)"
   ]
  },
  {
   "cell_type": "code",
   "execution_count": 4,
   "metadata": {},
   "outputs": [
    {
     "name": "stdout",
     "output_type": "stream",
     "text": [
      "Eigen Values : \n",
      "[ 5.15255134+0.j         -0.11712686+0.7458314j  -0.11712686-0.7458314j\n",
      "  0.68981148+0.j         -0.7827044 +0.j         -0.41036028+0.05762459j\n",
      " -0.41036028-0.05762459j  0.26012644+0.16600163j  0.26012644-0.16600163j\n",
      "  0.10494871+0.j        ]\n",
      "\n",
      "Eigen Vectors : \n",
      "[[-0.35368422+0.j         -0.02152779+0.05381479j -0.02152779-0.05381479j\n",
      "   0.08068818+0.j          0.6153704 +0.j         -0.22083439+0.03410265j\n",
      "  -0.22083439-0.03410265j -0.32462793+0.1449952j  -0.32462793-0.1449952j\n",
      "  -0.5161696 +0.j        ]\n",
      " [-0.35288508+0.j         -0.01853015+0.0883116j  -0.01853015-0.0883116j\n",
      "  -0.0330824 +0.j         -0.28338045+0.j          0.06330112-0.00579781j\n",
      "   0.06330112+0.00579781j  0.11712334+0.0487392j   0.11712334-0.0487392j\n",
      "  -0.08626562+0.j        ]\n",
      " [-0.24883037+0.j          0.22697057+0.01163941j  0.22697057-0.01163941j\n",
      "  -0.66170672+0.j          0.1003473 +0.j         -0.25418221+0.00916132j\n",
      "  -0.25418221-0.00916132j  0.71900569+0.j          0.71900569-0.j\n",
      "   0.5708572 +0.j        ]\n",
      " [-0.33921365+0.j          0.01198844-0.31254246j  0.01198844+0.31254246j\n",
      "   0.09712617+0.j         -0.41894979+0.j          0.28417324-0.01162615j\n",
      "   0.28417324+0.01162615j -0.08522623-0.02716475j -0.08522623+0.02716475j\n",
      "   0.01259459+0.j        ]\n",
      " [-0.37376167+0.j          0.64170317+0.j          0.64170317-0.j\n",
      "  -0.21852852+0.j         -0.45311123+0.j         -0.24893898-0.1744339j\n",
      "  -0.24893898+0.1744339j   0.08959464+0.21680536j  0.08959464-0.21680536j\n",
      "  -0.29812745+0.j        ]\n",
      " [-0.34255782+0.j         -0.10112591+0.26774559j -0.10112591-0.26774559j\n",
      "   0.19195526+0.j          0.12231059+0.j          0.59668403+0.j\n",
      "   0.59668403-0.j          0.00254156-0.10227308j  0.00254156+0.10227308j\n",
      "   0.03795419+0.j        ]\n",
      " [-0.32384946+0.j         -0.14656162+0.37577021j -0.14656162-0.37577021j\n",
      "  -0.42009742+0.j         -0.23616266+0.j          0.367889  -0.02632247j\n",
      "   0.367889  +0.02632247j -0.02713447+0.03141122j -0.02713447-0.03141122j\n",
      "   0.09964418+0.j        ]\n",
      " [-0.17586019+0.j         -0.09191762+0.18024067j -0.09191762-0.18024067j\n",
      "   0.27661506+0.j          0.07585832+0.j          0.171376  +0.01064085j\n",
      "   0.171376  -0.01064085j -0.39053544+0.10823582j -0.39053544-0.10823582j\n",
      "  -0.33328622+0.j        ]\n",
      " [-0.25919172+0.j         -0.15431833-0.2154425j  -0.15431833+0.2154425j\n",
      "  -0.03739893+0.j          0.02541135+0.j         -0.30111456-0.0482309j\n",
      "  -0.30111456+0.0482309j   0.08790864+0.03935625j  0.08790864-0.03935625j\n",
      "  -0.15852875+0.j        ]\n",
      " [-0.33670144+0.j         -0.2279713 -0.13965614j -0.2279713 +0.13965614j\n",
      "   0.45399092+0.j          0.27015475+0.j         -0.27893262+0.12529571j\n",
      "  -0.27893262-0.12529571j -0.11006954-0.28228191j -0.11006954+0.28228191j\n",
      "   0.40451217+0.j        ]]\n"
     ]
    }
   ],
   "source": [
    "# Eigen decomposition\n",
    "w, v = np.linalg.eig(mat)\n",
    "\n",
    "print(f\"Eigen Values : \\n{w}\")\n",
    "print(f\"\\nEigen Vectors : \\n{v}\")"
   ]
  },
  {
   "cell_type": "code",
   "execution_count": 5,
   "metadata": {},
   "outputs": [
    {
     "data": {
      "text/plain": [
       "array([0.33685188, 0.06934347])"
      ]
     },
     "execution_count": 5,
     "metadata": {},
     "output_type": "execute_result"
    }
   ],
   "source": [
    "import autograd.numpy as np\n",
    "from autograd import hessian, jacobian\n",
    "\n",
    "x = np.array([np.random.rand(),np.random.rand()], dtype=float)\n",
    "\n",
    "def cost(x):\n",
    "    return x[0]**2 / x[1] - np.log(x[1])\n",
    "\n",
    "x"
   ]
  },
  {
   "cell_type": "code",
   "execution_count": 6,
   "metadata": {},
   "outputs": [
    {
     "data": {
      "text/plain": [
       "array([[[  2.        ,   0.        ],\n",
       "        [ -3.96866386,   0.        ],\n",
       "        [  0.        ,   0.        ]],\n",
       "\n",
       "       [[  0.        ,   2.        ],\n",
       "        [  0.        , -15.42096886],\n",
       "        [  0.        ,   0.        ]]])"
      ]
     },
     "execution_count": 6,
     "metadata": {},
     "output_type": "execute_result"
    }
   ],
   "source": [
    "hessian_mat = hessian(cost)\n",
    "jacobian_mat = jacobian(cost)\n",
    "\n",
    "jacobian_mat(np.array([x,x,x]))"
   ]
  },
  {
   "cell_type": "code",
   "execution_count": 7,
   "metadata": {},
   "outputs": [
    {
     "data": {
      "text/plain": [
       "array([[[[[  5.93732772,   0.        ],\n",
       "          [ -5.93732772,   0.        ],\n",
       "          [  0.        ,   0.        ]],\n",
       "\n",
       "         [[  0.        ,   0.        ],\n",
       "          [  0.        ,   0.        ],\n",
       "          [  0.        ,   0.        ]]],\n",
       "\n",
       "\n",
       "        [[[ -5.93732772,   0.        ],\n",
       "          [ 14.75029284,   0.        ],\n",
       "          [  0.        ,   0.        ]],\n",
       "\n",
       "         [[  0.        ,   0.        ],\n",
       "          [  0.        ,   0.        ],\n",
       "          [  0.        ,   0.        ]]],\n",
       "\n",
       "\n",
       "        [[[  0.        ,   0.        ],\n",
       "          [  0.        ,   0.        ],\n",
       "          [  0.        ,   0.        ]],\n",
       "\n",
       "         [[  0.        ,   0.        ],\n",
       "          [  0.        ,   0.        ],\n",
       "          [  0.        ,   0.        ]]]],\n",
       "\n",
       "\n",
       "\n",
       "       [[[[  0.        ,   0.        ],\n",
       "          [  0.        ,   0.        ],\n",
       "          [  0.        ,   0.        ]],\n",
       "\n",
       "         [[  0.        ,  28.84193773],\n",
       "          [  0.        , -28.84193773],\n",
       "          [  0.        ,   0.        ]]],\n",
       "\n",
       "\n",
       "        [[[  0.        ,   0.        ],\n",
       "          [  0.        ,   0.        ],\n",
       "          [  0.        ,   0.        ]],\n",
       "\n",
       "         [[  0.        , -28.84193773],\n",
       "          [  0.        , 236.80628067],\n",
       "          [  0.        ,   0.        ]]],\n",
       "\n",
       "\n",
       "        [[[  0.        ,   0.        ],\n",
       "          [  0.        ,   0.        ],\n",
       "          [  0.        ,   0.        ]],\n",
       "\n",
       "         [[  0.        ,   0.        ],\n",
       "          [  0.        ,   0.        ],\n",
       "          [  0.        ,   0.        ]]]]])"
      ]
     },
     "execution_count": 7,
     "metadata": {},
     "output_type": "execute_result"
    }
   ],
   "source": [
    "hessian_mat(np.array([x,x,x]))"
   ]
  },
  {
   "cell_type": "markdown",
   "metadata": {},
   "source": [
    "## Part 2.2: Logistic Regression using newton method"
   ]
  },
  {
   "cell_type": "markdown",
   "metadata": {},
   "source": [
    "### Importing data"
   ]
  },
  {
   "cell_type": "code",
   "execution_count": 8,
   "metadata": {},
   "outputs": [],
   "source": [
    "import pandas as pd\n",
    "import numpy as np\n",
    "import matplotlib.pyplot as plt\n",
    "from sklearn.model_selection import train_test_split\n",
    "from sklearn import preprocessing"
   ]
  },
  {
   "cell_type": "code",
   "execution_count": 9,
   "metadata": {},
   "outputs": [
    {
     "data": {
      "text/html": [
       "<div>\n",
       "<style scoped>\n",
       "    .dataframe tbody tr th:only-of-type {\n",
       "        vertical-align: middle;\n",
       "    }\n",
       "\n",
       "    .dataframe tbody tr th {\n",
       "        vertical-align: top;\n",
       "    }\n",
       "\n",
       "    .dataframe thead th {\n",
       "        text-align: right;\n",
       "    }\n",
       "</style>\n",
       "<table border=\"1\" class=\"dataframe\">\n",
       "  <thead>\n",
       "    <tr style=\"text-align: right;\">\n",
       "      <th></th>\n",
       "      <th>Age</th>\n",
       "      <th>Gender</th>\n",
       "      <th>Polyuria</th>\n",
       "      <th>Polydipsia</th>\n",
       "      <th>sudden weight loss</th>\n",
       "      <th>weakness</th>\n",
       "      <th>Polyphagia</th>\n",
       "      <th>Genital thrush</th>\n",
       "      <th>visual blurring</th>\n",
       "      <th>Itching</th>\n",
       "      <th>Irritability</th>\n",
       "      <th>delayed healing</th>\n",
       "      <th>partial paresis</th>\n",
       "      <th>muscle stiffness</th>\n",
       "      <th>Alopecia</th>\n",
       "      <th>Obesity</th>\n",
       "      <th>class</th>\n",
       "    </tr>\n",
       "  </thead>\n",
       "  <tbody>\n",
       "    <tr>\n",
       "      <td>0</td>\n",
       "      <td>40</td>\n",
       "      <td>Male</td>\n",
       "      <td>No</td>\n",
       "      <td>Yes</td>\n",
       "      <td>No</td>\n",
       "      <td>Yes</td>\n",
       "      <td>No</td>\n",
       "      <td>No</td>\n",
       "      <td>No</td>\n",
       "      <td>Yes</td>\n",
       "      <td>No</td>\n",
       "      <td>Yes</td>\n",
       "      <td>No</td>\n",
       "      <td>Yes</td>\n",
       "      <td>Yes</td>\n",
       "      <td>Yes</td>\n",
       "      <td>Positive</td>\n",
       "    </tr>\n",
       "    <tr>\n",
       "      <td>1</td>\n",
       "      <td>58</td>\n",
       "      <td>Male</td>\n",
       "      <td>No</td>\n",
       "      <td>No</td>\n",
       "      <td>No</td>\n",
       "      <td>Yes</td>\n",
       "      <td>No</td>\n",
       "      <td>No</td>\n",
       "      <td>Yes</td>\n",
       "      <td>No</td>\n",
       "      <td>No</td>\n",
       "      <td>No</td>\n",
       "      <td>Yes</td>\n",
       "      <td>No</td>\n",
       "      <td>Yes</td>\n",
       "      <td>No</td>\n",
       "      <td>Positive</td>\n",
       "    </tr>\n",
       "    <tr>\n",
       "      <td>2</td>\n",
       "      <td>41</td>\n",
       "      <td>Male</td>\n",
       "      <td>Yes</td>\n",
       "      <td>No</td>\n",
       "      <td>No</td>\n",
       "      <td>Yes</td>\n",
       "      <td>Yes</td>\n",
       "      <td>No</td>\n",
       "      <td>No</td>\n",
       "      <td>Yes</td>\n",
       "      <td>No</td>\n",
       "      <td>Yes</td>\n",
       "      <td>No</td>\n",
       "      <td>Yes</td>\n",
       "      <td>Yes</td>\n",
       "      <td>No</td>\n",
       "      <td>Positive</td>\n",
       "    </tr>\n",
       "    <tr>\n",
       "      <td>3</td>\n",
       "      <td>45</td>\n",
       "      <td>Male</td>\n",
       "      <td>No</td>\n",
       "      <td>No</td>\n",
       "      <td>Yes</td>\n",
       "      <td>Yes</td>\n",
       "      <td>Yes</td>\n",
       "      <td>Yes</td>\n",
       "      <td>No</td>\n",
       "      <td>Yes</td>\n",
       "      <td>No</td>\n",
       "      <td>Yes</td>\n",
       "      <td>No</td>\n",
       "      <td>No</td>\n",
       "      <td>No</td>\n",
       "      <td>No</td>\n",
       "      <td>Positive</td>\n",
       "    </tr>\n",
       "    <tr>\n",
       "      <td>4</td>\n",
       "      <td>60</td>\n",
       "      <td>Male</td>\n",
       "      <td>Yes</td>\n",
       "      <td>Yes</td>\n",
       "      <td>Yes</td>\n",
       "      <td>Yes</td>\n",
       "      <td>Yes</td>\n",
       "      <td>No</td>\n",
       "      <td>Yes</td>\n",
       "      <td>Yes</td>\n",
       "      <td>Yes</td>\n",
       "      <td>Yes</td>\n",
       "      <td>Yes</td>\n",
       "      <td>Yes</td>\n",
       "      <td>Yes</td>\n",
       "      <td>Yes</td>\n",
       "      <td>Positive</td>\n",
       "    </tr>\n",
       "    <tr>\n",
       "      <td>...</td>\n",
       "      <td>...</td>\n",
       "      <td>...</td>\n",
       "      <td>...</td>\n",
       "      <td>...</td>\n",
       "      <td>...</td>\n",
       "      <td>...</td>\n",
       "      <td>...</td>\n",
       "      <td>...</td>\n",
       "      <td>...</td>\n",
       "      <td>...</td>\n",
       "      <td>...</td>\n",
       "      <td>...</td>\n",
       "      <td>...</td>\n",
       "      <td>...</td>\n",
       "      <td>...</td>\n",
       "      <td>...</td>\n",
       "      <td>...</td>\n",
       "    </tr>\n",
       "    <tr>\n",
       "      <td>515</td>\n",
       "      <td>39</td>\n",
       "      <td>Female</td>\n",
       "      <td>Yes</td>\n",
       "      <td>Yes</td>\n",
       "      <td>Yes</td>\n",
       "      <td>No</td>\n",
       "      <td>Yes</td>\n",
       "      <td>No</td>\n",
       "      <td>No</td>\n",
       "      <td>Yes</td>\n",
       "      <td>No</td>\n",
       "      <td>Yes</td>\n",
       "      <td>Yes</td>\n",
       "      <td>No</td>\n",
       "      <td>No</td>\n",
       "      <td>No</td>\n",
       "      <td>Positive</td>\n",
       "    </tr>\n",
       "    <tr>\n",
       "      <td>516</td>\n",
       "      <td>48</td>\n",
       "      <td>Female</td>\n",
       "      <td>Yes</td>\n",
       "      <td>Yes</td>\n",
       "      <td>Yes</td>\n",
       "      <td>Yes</td>\n",
       "      <td>Yes</td>\n",
       "      <td>No</td>\n",
       "      <td>No</td>\n",
       "      <td>Yes</td>\n",
       "      <td>Yes</td>\n",
       "      <td>Yes</td>\n",
       "      <td>Yes</td>\n",
       "      <td>No</td>\n",
       "      <td>No</td>\n",
       "      <td>No</td>\n",
       "      <td>Positive</td>\n",
       "    </tr>\n",
       "    <tr>\n",
       "      <td>517</td>\n",
       "      <td>58</td>\n",
       "      <td>Female</td>\n",
       "      <td>Yes</td>\n",
       "      <td>Yes</td>\n",
       "      <td>Yes</td>\n",
       "      <td>Yes</td>\n",
       "      <td>Yes</td>\n",
       "      <td>No</td>\n",
       "      <td>Yes</td>\n",
       "      <td>No</td>\n",
       "      <td>No</td>\n",
       "      <td>No</td>\n",
       "      <td>Yes</td>\n",
       "      <td>Yes</td>\n",
       "      <td>No</td>\n",
       "      <td>Yes</td>\n",
       "      <td>Positive</td>\n",
       "    </tr>\n",
       "    <tr>\n",
       "      <td>518</td>\n",
       "      <td>32</td>\n",
       "      <td>Female</td>\n",
       "      <td>No</td>\n",
       "      <td>No</td>\n",
       "      <td>No</td>\n",
       "      <td>Yes</td>\n",
       "      <td>No</td>\n",
       "      <td>No</td>\n",
       "      <td>Yes</td>\n",
       "      <td>Yes</td>\n",
       "      <td>No</td>\n",
       "      <td>Yes</td>\n",
       "      <td>No</td>\n",
       "      <td>No</td>\n",
       "      <td>Yes</td>\n",
       "      <td>No</td>\n",
       "      <td>Negative</td>\n",
       "    </tr>\n",
       "    <tr>\n",
       "      <td>519</td>\n",
       "      <td>42</td>\n",
       "      <td>Male</td>\n",
       "      <td>No</td>\n",
       "      <td>No</td>\n",
       "      <td>No</td>\n",
       "      <td>No</td>\n",
       "      <td>No</td>\n",
       "      <td>No</td>\n",
       "      <td>No</td>\n",
       "      <td>No</td>\n",
       "      <td>No</td>\n",
       "      <td>No</td>\n",
       "      <td>No</td>\n",
       "      <td>No</td>\n",
       "      <td>No</td>\n",
       "      <td>No</td>\n",
       "      <td>Negative</td>\n",
       "    </tr>\n",
       "  </tbody>\n",
       "</table>\n",
       "<p>520 rows × 17 columns</p>\n",
       "</div>"
      ],
      "text/plain": [
       "     Age  Gender Polyuria Polydipsia sudden weight loss weakness Polyphagia  \\\n",
       "0     40    Male       No        Yes                 No      Yes         No   \n",
       "1     58    Male       No         No                 No      Yes         No   \n",
       "2     41    Male      Yes         No                 No      Yes        Yes   \n",
       "3     45    Male       No         No                Yes      Yes        Yes   \n",
       "4     60    Male      Yes        Yes                Yes      Yes        Yes   \n",
       "..   ...     ...      ...        ...                ...      ...        ...   \n",
       "515   39  Female      Yes        Yes                Yes       No        Yes   \n",
       "516   48  Female      Yes        Yes                Yes      Yes        Yes   \n",
       "517   58  Female      Yes        Yes                Yes      Yes        Yes   \n",
       "518   32  Female       No         No                 No      Yes         No   \n",
       "519   42    Male       No         No                 No       No         No   \n",
       "\n",
       "    Genital thrush visual blurring Itching Irritability delayed healing  \\\n",
       "0               No              No     Yes           No             Yes   \n",
       "1               No             Yes      No           No              No   \n",
       "2               No              No     Yes           No             Yes   \n",
       "3              Yes              No     Yes           No             Yes   \n",
       "4               No             Yes     Yes          Yes             Yes   \n",
       "..             ...             ...     ...          ...             ...   \n",
       "515             No              No     Yes           No             Yes   \n",
       "516             No              No     Yes          Yes             Yes   \n",
       "517             No             Yes      No           No              No   \n",
       "518             No             Yes     Yes           No             Yes   \n",
       "519             No              No      No           No              No   \n",
       "\n",
       "    partial paresis muscle stiffness Alopecia Obesity     class  \n",
       "0                No              Yes      Yes     Yes  Positive  \n",
       "1               Yes               No      Yes      No  Positive  \n",
       "2                No              Yes      Yes      No  Positive  \n",
       "3                No               No       No      No  Positive  \n",
       "4               Yes              Yes      Yes     Yes  Positive  \n",
       "..              ...              ...      ...     ...       ...  \n",
       "515             Yes               No       No      No  Positive  \n",
       "516             Yes               No       No      No  Positive  \n",
       "517             Yes              Yes       No     Yes  Positive  \n",
       "518              No               No      Yes      No  Negative  \n",
       "519              No               No       No      No  Negative  \n",
       "\n",
       "[520 rows x 17 columns]"
      ]
     },
     "execution_count": 9,
     "metadata": {},
     "output_type": "execute_result"
    }
   ],
   "source": [
    "data = pd.read_csv('data/diabetes_data.csv')\n",
    "data"
   ]
  },
  {
   "cell_type": "code",
   "execution_count": 10,
   "metadata": {},
   "outputs": [
    {
     "data": {
      "text/html": [
       "<div>\n",
       "<style scoped>\n",
       "    .dataframe tbody tr th:only-of-type {\n",
       "        vertical-align: middle;\n",
       "    }\n",
       "\n",
       "    .dataframe tbody tr th {\n",
       "        vertical-align: top;\n",
       "    }\n",
       "\n",
       "    .dataframe thead th {\n",
       "        text-align: right;\n",
       "    }\n",
       "</style>\n",
       "<table border=\"1\" class=\"dataframe\">\n",
       "  <thead>\n",
       "    <tr style=\"text-align: right;\">\n",
       "      <th></th>\n",
       "      <th>w0</th>\n",
       "      <th>Age</th>\n",
       "      <th>Gender</th>\n",
       "      <th>Polyuria</th>\n",
       "      <th>Polydipsia</th>\n",
       "      <th>sudden weight loss</th>\n",
       "      <th>weakness</th>\n",
       "      <th>Polyphagia</th>\n",
       "      <th>Genital thrush</th>\n",
       "      <th>visual blurring</th>\n",
       "      <th>Itching</th>\n",
       "      <th>Irritability</th>\n",
       "      <th>delayed healing</th>\n",
       "      <th>partial paresis</th>\n",
       "      <th>muscle stiffness</th>\n",
       "      <th>Alopecia</th>\n",
       "      <th>Obesity</th>\n",
       "      <th>class</th>\n",
       "    </tr>\n",
       "  </thead>\n",
       "  <tbody>\n",
       "    <tr>\n",
       "      <td>0</td>\n",
       "      <td>1</td>\n",
       "      <td>40</td>\n",
       "      <td>Male</td>\n",
       "      <td>No</td>\n",
       "      <td>Yes</td>\n",
       "      <td>No</td>\n",
       "      <td>Yes</td>\n",
       "      <td>No</td>\n",
       "      <td>No</td>\n",
       "      <td>No</td>\n",
       "      <td>Yes</td>\n",
       "      <td>No</td>\n",
       "      <td>Yes</td>\n",
       "      <td>No</td>\n",
       "      <td>Yes</td>\n",
       "      <td>Yes</td>\n",
       "      <td>Yes</td>\n",
       "      <td>Positive</td>\n",
       "    </tr>\n",
       "    <tr>\n",
       "      <td>1</td>\n",
       "      <td>1</td>\n",
       "      <td>58</td>\n",
       "      <td>Male</td>\n",
       "      <td>No</td>\n",
       "      <td>No</td>\n",
       "      <td>No</td>\n",
       "      <td>Yes</td>\n",
       "      <td>No</td>\n",
       "      <td>No</td>\n",
       "      <td>Yes</td>\n",
       "      <td>No</td>\n",
       "      <td>No</td>\n",
       "      <td>No</td>\n",
       "      <td>Yes</td>\n",
       "      <td>No</td>\n",
       "      <td>Yes</td>\n",
       "      <td>No</td>\n",
       "      <td>Positive</td>\n",
       "    </tr>\n",
       "    <tr>\n",
       "      <td>2</td>\n",
       "      <td>1</td>\n",
       "      <td>41</td>\n",
       "      <td>Male</td>\n",
       "      <td>Yes</td>\n",
       "      <td>No</td>\n",
       "      <td>No</td>\n",
       "      <td>Yes</td>\n",
       "      <td>Yes</td>\n",
       "      <td>No</td>\n",
       "      <td>No</td>\n",
       "      <td>Yes</td>\n",
       "      <td>No</td>\n",
       "      <td>Yes</td>\n",
       "      <td>No</td>\n",
       "      <td>Yes</td>\n",
       "      <td>Yes</td>\n",
       "      <td>No</td>\n",
       "      <td>Positive</td>\n",
       "    </tr>\n",
       "    <tr>\n",
       "      <td>3</td>\n",
       "      <td>1</td>\n",
       "      <td>45</td>\n",
       "      <td>Male</td>\n",
       "      <td>No</td>\n",
       "      <td>No</td>\n",
       "      <td>Yes</td>\n",
       "      <td>Yes</td>\n",
       "      <td>Yes</td>\n",
       "      <td>Yes</td>\n",
       "      <td>No</td>\n",
       "      <td>Yes</td>\n",
       "      <td>No</td>\n",
       "      <td>Yes</td>\n",
       "      <td>No</td>\n",
       "      <td>No</td>\n",
       "      <td>No</td>\n",
       "      <td>No</td>\n",
       "      <td>Positive</td>\n",
       "    </tr>\n",
       "    <tr>\n",
       "      <td>4</td>\n",
       "      <td>1</td>\n",
       "      <td>60</td>\n",
       "      <td>Male</td>\n",
       "      <td>Yes</td>\n",
       "      <td>Yes</td>\n",
       "      <td>Yes</td>\n",
       "      <td>Yes</td>\n",
       "      <td>Yes</td>\n",
       "      <td>No</td>\n",
       "      <td>Yes</td>\n",
       "      <td>Yes</td>\n",
       "      <td>Yes</td>\n",
       "      <td>Yes</td>\n",
       "      <td>Yes</td>\n",
       "      <td>Yes</td>\n",
       "      <td>Yes</td>\n",
       "      <td>Yes</td>\n",
       "      <td>Positive</td>\n",
       "    </tr>\n",
       "    <tr>\n",
       "      <td>...</td>\n",
       "      <td>...</td>\n",
       "      <td>...</td>\n",
       "      <td>...</td>\n",
       "      <td>...</td>\n",
       "      <td>...</td>\n",
       "      <td>...</td>\n",
       "      <td>...</td>\n",
       "      <td>...</td>\n",
       "      <td>...</td>\n",
       "      <td>...</td>\n",
       "      <td>...</td>\n",
       "      <td>...</td>\n",
       "      <td>...</td>\n",
       "      <td>...</td>\n",
       "      <td>...</td>\n",
       "      <td>...</td>\n",
       "      <td>...</td>\n",
       "      <td>...</td>\n",
       "    </tr>\n",
       "    <tr>\n",
       "      <td>515</td>\n",
       "      <td>1</td>\n",
       "      <td>39</td>\n",
       "      <td>Female</td>\n",
       "      <td>Yes</td>\n",
       "      <td>Yes</td>\n",
       "      <td>Yes</td>\n",
       "      <td>No</td>\n",
       "      <td>Yes</td>\n",
       "      <td>No</td>\n",
       "      <td>No</td>\n",
       "      <td>Yes</td>\n",
       "      <td>No</td>\n",
       "      <td>Yes</td>\n",
       "      <td>Yes</td>\n",
       "      <td>No</td>\n",
       "      <td>No</td>\n",
       "      <td>No</td>\n",
       "      <td>Positive</td>\n",
       "    </tr>\n",
       "    <tr>\n",
       "      <td>516</td>\n",
       "      <td>1</td>\n",
       "      <td>48</td>\n",
       "      <td>Female</td>\n",
       "      <td>Yes</td>\n",
       "      <td>Yes</td>\n",
       "      <td>Yes</td>\n",
       "      <td>Yes</td>\n",
       "      <td>Yes</td>\n",
       "      <td>No</td>\n",
       "      <td>No</td>\n",
       "      <td>Yes</td>\n",
       "      <td>Yes</td>\n",
       "      <td>Yes</td>\n",
       "      <td>Yes</td>\n",
       "      <td>No</td>\n",
       "      <td>No</td>\n",
       "      <td>No</td>\n",
       "      <td>Positive</td>\n",
       "    </tr>\n",
       "    <tr>\n",
       "      <td>517</td>\n",
       "      <td>1</td>\n",
       "      <td>58</td>\n",
       "      <td>Female</td>\n",
       "      <td>Yes</td>\n",
       "      <td>Yes</td>\n",
       "      <td>Yes</td>\n",
       "      <td>Yes</td>\n",
       "      <td>Yes</td>\n",
       "      <td>No</td>\n",
       "      <td>Yes</td>\n",
       "      <td>No</td>\n",
       "      <td>No</td>\n",
       "      <td>No</td>\n",
       "      <td>Yes</td>\n",
       "      <td>Yes</td>\n",
       "      <td>No</td>\n",
       "      <td>Yes</td>\n",
       "      <td>Positive</td>\n",
       "    </tr>\n",
       "    <tr>\n",
       "      <td>518</td>\n",
       "      <td>1</td>\n",
       "      <td>32</td>\n",
       "      <td>Female</td>\n",
       "      <td>No</td>\n",
       "      <td>No</td>\n",
       "      <td>No</td>\n",
       "      <td>Yes</td>\n",
       "      <td>No</td>\n",
       "      <td>No</td>\n",
       "      <td>Yes</td>\n",
       "      <td>Yes</td>\n",
       "      <td>No</td>\n",
       "      <td>Yes</td>\n",
       "      <td>No</td>\n",
       "      <td>No</td>\n",
       "      <td>Yes</td>\n",
       "      <td>No</td>\n",
       "      <td>Negative</td>\n",
       "    </tr>\n",
       "    <tr>\n",
       "      <td>519</td>\n",
       "      <td>1</td>\n",
       "      <td>42</td>\n",
       "      <td>Male</td>\n",
       "      <td>No</td>\n",
       "      <td>No</td>\n",
       "      <td>No</td>\n",
       "      <td>No</td>\n",
       "      <td>No</td>\n",
       "      <td>No</td>\n",
       "      <td>No</td>\n",
       "      <td>No</td>\n",
       "      <td>No</td>\n",
       "      <td>No</td>\n",
       "      <td>No</td>\n",
       "      <td>No</td>\n",
       "      <td>No</td>\n",
       "      <td>No</td>\n",
       "      <td>Negative</td>\n",
       "    </tr>\n",
       "  </tbody>\n",
       "</table>\n",
       "<p>520 rows × 18 columns</p>\n",
       "</div>"
      ],
      "text/plain": [
       "     w0  Age  Gender Polyuria Polydipsia sudden weight loss weakness  \\\n",
       "0     1   40    Male       No        Yes                 No      Yes   \n",
       "1     1   58    Male       No         No                 No      Yes   \n",
       "2     1   41    Male      Yes         No                 No      Yes   \n",
       "3     1   45    Male       No         No                Yes      Yes   \n",
       "4     1   60    Male      Yes        Yes                Yes      Yes   \n",
       "..   ..  ...     ...      ...        ...                ...      ...   \n",
       "515   1   39  Female      Yes        Yes                Yes       No   \n",
       "516   1   48  Female      Yes        Yes                Yes      Yes   \n",
       "517   1   58  Female      Yes        Yes                Yes      Yes   \n",
       "518   1   32  Female       No         No                 No      Yes   \n",
       "519   1   42    Male       No         No                 No       No   \n",
       "\n",
       "    Polyphagia Genital thrush visual blurring Itching Irritability  \\\n",
       "0           No             No              No     Yes           No   \n",
       "1           No             No             Yes      No           No   \n",
       "2          Yes             No              No     Yes           No   \n",
       "3          Yes            Yes              No     Yes           No   \n",
       "4          Yes             No             Yes     Yes          Yes   \n",
       "..         ...            ...             ...     ...          ...   \n",
       "515        Yes             No              No     Yes           No   \n",
       "516        Yes             No              No     Yes          Yes   \n",
       "517        Yes             No             Yes      No           No   \n",
       "518         No             No             Yes     Yes           No   \n",
       "519         No             No              No      No           No   \n",
       "\n",
       "    delayed healing partial paresis muscle stiffness Alopecia Obesity  \\\n",
       "0               Yes              No              Yes      Yes     Yes   \n",
       "1                No             Yes               No      Yes      No   \n",
       "2               Yes              No              Yes      Yes      No   \n",
       "3               Yes              No               No       No      No   \n",
       "4               Yes             Yes              Yes      Yes     Yes   \n",
       "..              ...             ...              ...      ...     ...   \n",
       "515             Yes             Yes               No       No      No   \n",
       "516             Yes             Yes               No       No      No   \n",
       "517              No             Yes              Yes       No     Yes   \n",
       "518             Yes              No               No      Yes      No   \n",
       "519              No              No               No       No      No   \n",
       "\n",
       "        class  \n",
       "0    Positive  \n",
       "1    Positive  \n",
       "2    Positive  \n",
       "3    Positive  \n",
       "4    Positive  \n",
       "..        ...  \n",
       "515  Positive  \n",
       "516  Positive  \n",
       "517  Positive  \n",
       "518  Negative  \n",
       "519  Negative  \n",
       "\n",
       "[520 rows x 18 columns]"
      ]
     },
     "execution_count": 10,
     "metadata": {},
     "output_type": "execute_result"
    }
   ],
   "source": [
    "# Inserting a column\n",
    "data.insert(0, 'w0', 1)\n",
    "data"
   ]
  },
  {
   "cell_type": "markdown",
   "metadata": {},
   "source": [
    "### Handling categorical data"
   ]
  },
  {
   "cell_type": "code",
   "execution_count": 11,
   "metadata": {},
   "outputs": [
    {
     "data": {
      "text/plain": [
       "['Polyuria',\n",
       " 'Polydipsia',\n",
       " 'sudden weight loss',\n",
       " 'weakness',\n",
       " 'Polyphagia',\n",
       " 'Genital thrush',\n",
       " 'visual blurring',\n",
       " 'Itching',\n",
       " 'Irritability',\n",
       " 'delayed healing',\n",
       " 'partial paresis',\n",
       " 'muscle stiffness',\n",
       " 'Alopecia',\n",
       " 'Obesity']"
      ]
     },
     "execution_count": 11,
     "metadata": {},
     "output_type": "execute_result"
    }
   ],
   "source": [
    "# To find the yes/no columns\n",
    "categorical_columns = [i for i in data.columns if i not in['w0','Age','Gender','class']]\n",
    "categorical_columns"
   ]
  },
  {
   "cell_type": "code",
   "execution_count": 12,
   "metadata": {},
   "outputs": [
    {
     "data": {
      "text/html": [
       "<div>\n",
       "<style scoped>\n",
       "    .dataframe tbody tr th:only-of-type {\n",
       "        vertical-align: middle;\n",
       "    }\n",
       "\n",
       "    .dataframe tbody tr th {\n",
       "        vertical-align: top;\n",
       "    }\n",
       "\n",
       "    .dataframe thead th {\n",
       "        text-align: right;\n",
       "    }\n",
       "</style>\n",
       "<table border=\"1\" class=\"dataframe\">\n",
       "  <thead>\n",
       "    <tr style=\"text-align: right;\">\n",
